588917198 1.3185316364240065
378954324 3.707300021705556
115920493 1.3225157995260974
56640491 4.579520123612594
340265592 1.7364051515806014
877194643 4.442864647746438
6389187 4.78234054928623
376076114 3.3982613456293036
78203921 2.5024672669757684
222901614 4.170786231034897
968427882 1.0046408628332935
572320467 4.32372552306336
709362222 1.7219977622187912
917545895 1.9403020708645462
382181333 4.801771606132705
892447391 2.8847446171005453
533901853 2.4132762278475797
780155165 4.595104938576586
731573729 2.620547868881766
728906441 2.923450506999158
941072265 3.3368400458497796
226371127 4.156848947366969
988950462 1.6922358537268272
995672574 2.920262693395783
702071731 2.8980498353397173
146659193 4.602285440815994
2538411 4.318623956488702
491007280 1.4487472979552094
495867469 1.729278072865966
105973772 3.619971488380842
871487541 4.294852084742444
474781840 3.9198442643315525
217569965 3.7064581193016797
901809440 2.8169139765258877
549835903 2.5531356355691384
190284059 3.4573880437025135
455890625 1.2196270851761266
553144322 2.647327649020679
754322516 2.483676594888916
340983490 2.2510053430688313
175562235 3.2401964204390663
895265141 3.36548522310043
764490822 2.7519549460441053
156248676 2.997978740020471
195429538 2.9209482699569906
420565268 1.7919135529241346
18189680 1.0698537848661012
689673677 2.421238565618712
252173647 4.8164279781395
717168985 2.633046457014659
118784122 4.081969826099836
964440608 2.3776300581051477
129060161 2.475042932660204
714634427 4.421834433124107
887588273 4.995318716329807
888613566 2.166118267810583
327987806 3.915274963111304
113743851 2.8553248427825633
206238761 3.9026616600957125
817127317 3.0626720808000845
347770825 2.422040035978959
26180523 4.431696827341508
891883546 1.423011107580979
704642608 4.50798608891783
159234421 2.4735403597855785
776038591 2.7563103800852495
393057373 3.4059417939556957
975287062 1.6478932305049416
49904501 1.0451626759728017
216185759 2.378915655977521
306492588 2.8550155600257634
271552368 4.5339769276940975
514027555 3.306130451721151
965373456 1.970331911957738
972113727 3.01512603913764
11299673 2.257957745340049
791446778 1.5843509897734105
777739376 2.0882360308698167
431207219 3.292478677621694
918070310 1.8280883534308932
369077110 1.0090134394950536
253585086 4.910463938655841
684126956 1.6328558221487928
221546901 3.4194213362301435
652542984 2.3784514692143617
860550355 3.3558823678376855
257008125 2.978503964358755
94608685 3.5920878166605235
769173508 1.0739164549942526
381420872 2.261860273801133
111390316 3.1588687994435634
730894372 1.5326942638851833
538084627 2.566091799433024
160369656 1.9949750914779583
273102601 2.453746746173388
714299307 2.8701313162140787
31853491 3.488662004430857
113792677 3.395250518478587
220068232 3.340966392314851
456957484 2.6331050863728906
504412617 4.172457075905182
407364760 3.496097921119568
231580911 1.3411469687066906
80670207 3.0054788521529177
785767371 1.009527415385005
619601349 1.4595817640953155
284665918 1.2884858519572866
700207778 4.348299704159979
167956021 2.86476877741248
698712695 1.6355131347089378
85525733 4.08535534837665
335609947 4.263448477561857
288293548 2.822898805719658
679335376 3.44166648487305
855427886 2.197406844742032
880490117 3.898024678090153
513480350 4.142316146347268
15182495 2.8799134550887984
498363728 1.5386419294710554
919046812 3.24321237821069
218722984 2.408723232731637
542246003 4.5005637483691565
388757553 4.627401335731047
266780338 3.0010418162890065
433747581 1.1299978899605119
188076274 4.320303559699855
690778155 3.3639741255861986
155980739 3.807314973319623
992984562 3.6981874439348768
304335292 3.0485471542392193
423130338 1.0211274289327257
19536911 4.397767665012422
279827283 4.573045399199636
755091283 1.8709574628782981
235685662 2.0977539875300217
384600953 1.1547255852549902
424647336 2.8565791573424693
220101776 1.1932389106183123
126188817 4.045704280279525
698250056 2.007238232585203
903706252 2.174356977066805
938007640 1.0016834864817352
445395745 4.660888171304414
263225416 3.179161705355572
914069965 4.889841519797772
331936002 1.6615782822135348
938418042 2.1790228790376696
146600795 3.03638790628376
378395635 4.210495835631044
280949666 4.515740043221154
930794027 3.6326725832954834
888024685 2.179245342837296
104391317 2.8244719067655613
120134155 4.0812531554652365
864673496 4.103965481425419
116082120 2.282795136923736
247243828 2.300323487754343
43958738 1.5212250150970772
681948671 4.465188760509776
444607743 1.5934825764794929
296701489 1.0889669794904662
306957392 4.752416155948002
288191483 1.8192631082443347
695947627 3.746028751604655
440559837 4.897676306535972
32564816 1.2256441437321146
821263108 1.8534841848170411
995746014 2.36664609616509
559518039 2.1761753496992498
663799936 2.1231154910887855
972233495 4.476796867183685
158512420 4.244526282099807
183546651 1.5044621345384708
610715439 4.8597971285927635
181064413 1.2024400279046743
194120803 4.097544668520495
990373652 2.267323144347924
243939433 4.774622632165464
235000953 1.6712834494483477
328336950 2.249499843063961
870729914 1.5560531359320517
160528282 1.1040885906212123
647753032 3.3892852664554485
641109339 2.352853151741892
296404927 2.0057101662893695
755940805 2.49121223416028
783560696 2.7227163256791505
191960137 2.6015936785482183
293567489 1.6007737038431737
28249404 1.9270518562527186
834381413 2.2806538582910876
78635919 1.1736078927076194
696930577 2.1629711301814756
842315804 4.090823112946925
998250442 3.4379580956191984
197649604 4.481045755370392
518744090 3.1291814568391634
790042391 1.1689485933697252
148050688 3.8285390649379614
348356599 2.71571804777433
496606443 1.5643852409351773
788234831 3.5189610204198583
630621926 1.7968316359194434
100391050 3.8886704903188782
441347642 2.513010573969174
29865718 3.71288880049436
415582258 3.605052452169614
716577481 3.4419891977103942
858786942 1.3457790798513716
281886710 1.4462102068459517
47378177 2.7484039195295518
644013195 3.351839186557701
405175438 1.4539007199892318
559542443 3.961561889472451
470194036 3.8872305433461967
713559595 3.185546145849879
342219179 2.378678830816909
312512926 2.5074277582457514
520396714 4.235462767954998
677402103 2.3359741326863697
446407506 4.388454363784598
747857681 1.9821131759631538
283908973 3.4045942768196884
269132092 1.181701309717543
303643183 1.2444884255613715
579098297 2.6156091438447917
242252489 2.0079391677181073
892318334 4.295039457241408
464372867 4.244135007384896
717507147 1.2283546643948635
38751021 3.7045498994798605
947432297 4.545699428426083
212804345 3.245090606263861
626236565 3.48808391605169
797327511 2.658639894964412
77136501 2.7636282147014044
785685561 2.4320507966895515
145910314 4.225153780922394
443812869 1.0536805495679893
383664634 4.155213384795637
136060551 3.807447608590009
405692014 3.0767866400613375
212181236 1.7597002321469688
855475031 3.6353501315504184
356359498 4.48786448242368
441498380 1.4326210440829983
362769224 1.6663948954613428
436532763 4.052883228307417
804057055 3.776534138025494
141976544 1.9629173503137678
643377798 2.858991135507018
93370325 1.1385016630270064
124999600 2.7152651878443312
229806726 3.5363337168215647
527290124 1.190029198433804
771459588 1.887940865788829
964025180 3.092320484250852
731602656 2.5528807976087133
386344879 1.2004870739785742
687598479 2.74349961995509
22484533 3.437161874334964
115437379 1.8474308022775858
781597242 4.860787997493534
663952733 3.853146465884055
498511403 4.178813244706707
971297346 3.005236602456837
747628305 2.499346705711882
735519904 1.6199999714367137
161733387 2.05859034941427
104967514 2.77435248157939
896784361 2.889921104001772
868086867 3.517072734604685
62315380 4.10296665926513
924333920 2.366416882561004
872174476 3.577259538101227
172324288 2.0062140816317013
391064502 4.915563248444517
572247924 1.947603480953743
460599585 1.632695810488077
907128708 2.779162506231001
344108004 1.9600901497518244
212601963 2.254284351200482
983368475 3.390364704831505
682712844 2.2560961496654137
25569139 2.184599219931979
61542190 2.029847382473612
29480076 3.8816792768437316
641503527 3.9863432307878313
409381346 3.4125259397267986
305588119 2.315882402241046
938668848 1.620201788012483
264180241 1.1087812509664632
987208044 1.5876483271783264
814753684 4.022268096298429
219354126 4.086331136248059
534726802 2.4602972460377805
993242919 1.9351066800131629
878117125 4.380443434845839
713454361 4.27027734086172
479878663 3.430649972092283
45301235 2.840315034938383
994953590 4.541283662177998
646063245 3.959478119538052
878141085 3.573196067214463
946469411 3.6073304805793627
777354776 3.9114901519501917
178941497 2.7103091423194874
331878752 3.133987319853194
563322116 4.1344678332332645
95930411 1.7242016772778408
508328871 2.4190878597415635
823036875 4.3378810484137915
309560264 3.6551682497723
929638511 1.6028865137259456
945142030 1.7086615336479793
172966260 4.052389123848371
707021141 4.704820878950823
176802097 4.110758695610816
604293060 3.8418784234789145
621408808 3.8297527839102923
404128584 1.431190370731207
605113433 1.638739490655785
182168406 2.8781655102410415
353667342 1.1563705992930982
910780763 1.6741219126894848
51997739 1.2182690217701255
709522771 4.677347981972108
578812574 2.1030338247945966
582904475 1.8810609668387146
123958543 2.1235854994618255
655737612 4.473281250535668
419083935 3.5007340504077242
979729533 3.9757876919815134
662894196 3.4321204870726225
187720653 1.1389495797196751
551228473 1.8985463846097024
430982172 2.3054013708683105
46511142 1.3953955048331133
62788908 3.6246264660987815
23933692 2.829300326271166
260911730 1.8739608125031157
718829510 3.2556835120658785
682416343 1.4391665408600294
299338195 2.330867424403587
206240615 4.656612856723259
469640383 1.4287261379078346
509117974 3.1295409281747144
223918419 1.292940976892246
262997857 2.656206813727403
391810988 1.7499593688816257
548507387 1.3927463883098472
602134504 3.7437651102616774
578457634 4.938916461696621
193806225 2.9097483895710656
746871912 3.1868359542240765
756078716 3.2030077823752685
119333294 2.8650222346581162
679876260 3.75079428205644
556459468 1.8786886171827897
117327450 2.3768150446164813
861380326 3.322648044501375
36907074 3.0406630295259145
627249221 2.024041565547073
625368927 4.740430078601786
462430183 2.3172812892173433
196674793 4.431559940982103
521775207 3.3568008223706354
34836020 3.250659827585335
837557578 2.190206088324013
496719701 2.8065781377662415
596181188 1.2538596353356772
841639023 1.2883599283503493
176385046 3.9050689001800167
413609637 3.3165345628089447
210473710 2.060507056523284
40931364 1.6230121455943296
705322122 4.960162443106566
371183694 3.77593964232334
759177090 1.8750394986586727
413731136 3.0688750328513934
959703617 1.7619469063148294
347744466 3.3477662910555184
714976924 3.3998359291726716
437585898 1.4525505723568166
32852914 1.8422817099919118
136368619 2.028958888190256
929106161 3.0468774415549333
489535246 1.2288981061713828
147294185 3.255840569407404
432457859 1.8446174757723117
585812820 3.131008007617139
869491402 2.69917826584834
282134765 2.6890513643498752
616272518 4.388824980790404
968501514 3.3535610647294725
184279351 2.2586337015687263
862868227 4.5903512847839005
988647579 2.2050711256522915
848097650 1.2450250791326756
65095674 2.660444277274265
926130202 3.332434269257986
106289125 2.111500493663861
633036826 2.671808839498984
958961606 2.624530598076075
35199562 1.9358596907839019
74231342 3.9766085999651968
470075157 4.525873295075014
770163376 1.9658397077644985
241709289 4.298213892032658
507458706 2.5135070747963737
32510810 2.894750842817489
675541693 4.1016898850875805
983753470 2.3374273598436943
537503343 1.0731132797082479
497395300 1.488586254516996
204381730 3.8581288722656297
324509266 2.169622127179178
30520074 4.855641776010417
73793256 2.8507743648008086
954099245 1.3121743143592317
662597463 1.3818820115551191
624700488 3.9483945713515154
838447879 3.6088832740017205
673770300 3.914828504312119
218454852 2.9888049177583698
511045657 3.0297835679314367
690354896 2.856820878475231
847150511 3.256811247583
993317785 3.6875621686229976
965130364 2.5586673754103595
312735278 3.0970645695704553
853099302 1.6632824906672585
643814180 3.8476903888332243
337732583 2.9017534803648064
50605465 3.8636756229763822
196944391 2.1958805329005027
787277792 4.60434752308052
799719431 4.53539856558907
530098483 1.0532286593405065
674102211 2.2235866468781706
534369487 2.07574488187821
138608555 3.7248874967079906
843679771 2.0196433794454323
874718577 3.779209004214648
349701896 2.670634101386379
838373185 1.885872412522977
13191506 4.30110986886878
851635336 3.322082108594685
287119683 2.6378317291864897
212876991 2.41698302025393
657286184 1.2437561606510283
817379638 3.8524053822485635
253120058 3.1131967567435876
688258395 2.058085619237642
625305404 1.7559564347104253
393365439 2.1546949458838798
733575646 4.172350910251776
713367086 4.854774674568638
767786298 1.0949210487135792
439814378 2.6727267396807557
569394525 2.692146611091515
958849530 3.281113347945312
172616774 3.1517657820332965
645145817 3.50209434301537
112094214 4.427279623067383
828899436 3.165060087837712
469223773 3.8887637272431927
135452192 3.426310841707871
704940591 2.6701828313214855
688209605 2.8225593498000623
463196874 3.1883348794525292
891083377 4.565848352176525
40612019 4.138395151015082
353364873 4.774689163029995
73112977 1.6631129247144978
637684554 2.5997998432775233
126717796 2.9945579994020486
70010633 1.2013842433932536
96362236 4.432166832038705
296639285 1.0035715165397145
560765843 3.4147940569746993
865072293 3.9087056988858038
442207151 3.8888758245875805
609553942 4.957691170024873
940906451 2.2390644788225265
877967450 2.297412891358454
698652397 4.269775221247057
677220486 4.774784019184765
279502426 1.563965439420104
691030628 2.5204719966260076
430948985 3.516216061879198
130874963 4.919807716476072
960351676 4.7080754333346615
855386655 4.291064605048374
100520938 3.1004068286323494
27285176 1.2202439420521989
725242995 4.910456470606395
343074331 2.428196654037445
362313570 3.096004916304214
954903800 685166077.3330905
790502383 256245393.51811865
581988120 409794442.2058197
69701039 50003528.42300237
896482066 55631698.032212615
716051496 64249836.85311898
372804677 101704502.31923641
626365054 365519008.64347804
336105644 147673269.26107734
182237584 114511734.72057365
613798578 343928206.23171717
199445088 90712020.63632551
789517743 498964096.09314275
186001912 54972119.51778901
56391032 47370860.25188907
441094464 126767002.37779234
412138308 297600604.7218487
990443501 496839556.97447187
509797103 172475922.21496138
754499559 729500507.5542525
495021707 375906247.37215614
809322129 232985938.9991436
115509335 60531534.91501589
369629845 211446935.3798005
188147440 135234865.03135785
435276868 201156832.0210284
224758749 54457715.09688504
13484383 2914705.67679826
230402146 105850051.85322054
144191819 96715789.82045949
847781589 104979830.23137219
717741831 366084996.0846506
430619818 255991520.26660585
283333330 252464073.01508507
342489131 316623924.9078705
710009340 99922308.21340589
26950038 23282058.39760416
424876437 14874691.881669046
526667957 279096004.33623236
704695491 481919038.41533726
689913064 425089206.7288175
208392920 76573932.22870746
309688716 225579588.5781467
189485314 28223068.65860792
171716342 108196724.43983714
351730152 265183268.222951
451769221 14330452.563383497
452053037 342653598.28410983
872772775 624252496.8684909
940731481 544329497.821118
318000181 66791220.59333079
675688968 451025430.1810164
269862533 88484526.943281
774405050 588190041.8670665
676627845 296940573.7411582
409967229 70118372.00989012
924702048 856401976.1484234
539917167 255164014.09162772
134729673 124977095.3455556
217404700 15021927.999040611
98638556 87438496.81432754
745472234 184561094.3096586
457871906 440468906.7664007
480515769 126364188.93550864
493291736 426561947.2237438
648577202 58600295.16805075
689584850 202494250.97852904
570080615 104189336.6656915
90097570 37775942.26249433
616833621 28448116.97762765
825186488 778932254.1403089
923141278 610067896.7870063
344122382 93315912.546891
522352967 298794001.49425095
43487775 16312245.964454878
409953109 291796554.03399086
809511731 623064510.828028
53411904 38893106.02266707
780347456 291089913.7973155
232812613 44349450.06574549
188155193 118432660.91759972
193237262 124606371.96957043
929004022 283604487.6129558
11659042 7378321.218843912
58426837 5784848.266697108
604243129 589395462.4817381
963087668 584006741.3107609
488733341 11825753.382641599
523927783 444905862.0816492
300865653 241259049.73746133
34208054 31628859.817576762
116522324 70722760.75235713
158524359 31558083.78482672
791016081 734643526.174624
746598144 82067703.93636504
177660161 54058285.29143376
363154065 227965115.74624947
504268236 294242226.6485376
458135903 371526182.5246635
769056705 761760891.180683
218932573 161952009.2256549
921508477 422198040.29751885
639910700 195114377.1380152
106509231 102137734.27166429
481515810 388096259.19368786
999126539 531860417.52471393
344606547 213426185.99982786
780728630 599111931.2275481
782844801 776282250.3216984
691606597 182180037.30448577
995346717 316307162.9823694
832875216 105960493.09764363
314722296 231943627.57366607
867450896 181981150.59072897
286587523 140960921.54534015
119267972 109182326.36757496
672859689 485556421.4301923
713165696 499007816.1455594
720436490 386291363.49397564
432720527 150109911.711368
213490199 10137205.23291665
207906846 195775905.35872808
118666191 76433367.1535679
922556056 303063634.4156291
693404077 134763424.31326854
658100438 411370648.35747176
263051696 167016648.45398554
373743570 124193127.47754112
895359300 840545407.5273151
499165280 485650835.1869084
692528745 161765167.08798403
380158472 71396396.8745675
58896878 1326311.8736215685
696984052 167749203.28981242
794992354 646407904.5347269
759756780 481484684.6538055
191970107 22873139.92572121
727496920 171382761.97990313
68271978 12209728.5662464
559767491 463338143.2070992
644988689 496785915.97301376
115934471 27300178.028201744
472680171 24051887.675751194
614951138 562486596.7159778
412364754 300387713.7620101
397271287 298248042.61703455
494639044 121484341.30731598
178476412 34812953.92391278
219766213 195474840.9656608
507434093 253824347.7384013
328125471 67342851.13732502
877586783 187788072.98654225
175137658 59322614.71619991
415455586 318743413.24077785
522272156 255024690.9970026
415845327 128776825.98380294
216673417 53238877.564096116
529379325 370241797.6115418
428230556 407520803.668164
719483475 662159458.1394703
208539407 156531307.75780386
114850111 6409145.714432198
535775769 441665259.0979784
615297020 229887912.26245734
604128929 351799656.7514074
379350715 205139312.1731353
112796904 58386784.62181241
21519401 20283821.871213976
666544164 9175957.96055207
885495851 388797334.14455533
642142919 338684362.2820397
899050638 891130243.4210634
487131350 217579099.15335682
441056409 364874486.63256407
459063292 451245244.3520284
495412144 82632138.38491862
218430540 196511792.96829545
106043966 80397915.25624727
243036027 53174648.09905013
217332472 111438266.37873541
515451126 372839521.1207311
838485448 668513830.5925341
451846888 92816345.40967402
244265378 177743019.18040165
235607793 179912567.7145287
199318357 154311429.70978248
423794826 149744652.15642804
573374401 174257120.85535985
650273409 521047645.45931375
648956626 403793306.35513943
787787772 453349201.2686051
44055101 20405397.067536067
641415554 75383767.09803087
360322257 235542828.15864712
452601642 134787877.27486148
785903914 267972899.25365356
816108933 180408962.79251572
803331980 736486000.9488136
758750812 539527887.9439062
877847305 87451539.05446248
863152985 337354516.0762942
593953111 452003515.59710413
27266137 4094746.180737468
514191499 231082778.77455112
52041736 7513177.986823872
907965341 151888009.930553
968754695 318706827.9736268
261625548 191295575.7237614
239423466 195841584.45304775
550758844 108452787.54606558
366523862 307114769.78521293
279105911 156815296.80706182
736033362 142842217.93304238
42700629 745727.663432243
791018884 485951405.0446381
385000322 249673117.31781295
149872278 143891773.2094598
918848411 642985463.7550167
196947177 179273876.10314783
842480695 196671642.8717804
432457644 137589621.15697742
824979274 74839584.77000254
898716102 504324031.73936784
804878243 633612689.1810942
852005944 222434715.17915174
128837906 20723776.53078383
178168142 129766349.93812022
436312738 81476034.40111287
879459560 505071575.0280787
726565578 65587698.03430631
514577093 405461351.93055516
116013212 74702157.65945472
4051453 3757152.131638501
181184778 7223130.437868625
424903497 10800334.447900934
702435700 254540685.6625871
622171630 205885319.22791365
803529040 668877016.9920672
573680218 74985699.61322027
974497263 505418576.5270679
603333930 213717754.54257023
681960742 384333035.6083849
289176751 23228910.321900412
731752028 409068654.8760884
547806199 509881657.98174524
526905142 250991385.91488078
5302536 202628.42398078155
4392859 2260399.120201989
416980034 238558943.10957274
598589290 150051417.45519868
1341732 50171.327797335354
21343753 5239381.840517528
249528897 137512005.13100648
351288826 259975633.83890313
703524474 546832744.1279219
303563571 136425169.80367932
192911091 171684982.25045466
323944358 933284.1767109405
129720848 121417804.081989
179442318 48367992.78741762
108756030 19251764.25096026
696029818 407488218.08727705
558137024 274810112.9260474
760326801 732414623.63678
490432472 141014124.81102172
229534811 58991030.24941379
905117671 811837351.530138
712087406 621945930.080636
997211195 610743680.3148121
192473837 92992668.24432158
421932997 142870164.46631163
412145365 246121864.9027834
683317566 12582317.840953827
158138390 150218944.8785291
85691762 24002607.761164315
147150654 131603075.68914
237024362 168516483.55243278
429922202 85883407.09546895
673514729 367013190.76950216
600028699 14112618.3113842
483143051 298516931.6040015
35801915 33616816.89310573
974682008 146482635.8743156
778745750 494324406.325908
243632812 145597304.71770582
719458883 316007837.28448176
468900281 158895175.04001307
683611917 506981749.2302302
692615552 514673993.9923886
19563452 16646999.215992207
451169675 156725252.24798974
878113248 875125276.3561182
400825274 113053810.6032092
709991244 385694131.8588298
724627603 539658367.5862973
93044039 8262086.32344204
559185663 122038031.54893874
963343853 693265890.8964837
322726699 89392005.79805928
448209975 44829428.44661049
934171134 331851161.5164161
697093361 513069279.14206964
874111202 106655967.66560861
379742455 157319533.29864633
202057461 89785237.44603387
602188132 226833207.90055487
867761984 521042523.03196126
247547382 214285000.40519243
111320011 60694488.86900511
582663179 142807526.11358795
442759307 431349923.3159758
724249817 272007005.2606615
530023930 306282092.2679366
512360410 175216005.07537133
458126024 375159758.6917713
985958493 669052474.0815804
926032917 409266628.6170513
498309402 11908193.191177927
137283755 135354543.475575
771094980 545503435.5938817
865399841 331174298.58900005
361972661 332969254.21712583
250286678 243736730.36127585
966010979 103489397.92502584
204680054 89267473.86960572
516391029 149846046.93865883
559632367 15860456.075518811
319242510 166690316.80548698
873854716 285166384.69286
431268235 240937299.80974165
37902658 9081243.664127193
649248792 42168019.4155596
201532230 18726734.196595002
540140181 172266027.84266555
996023088 103502342.75249468
515513576 385068093.3319262
503913156 74604414.6857618
830878692 653651517.428597
760465816 751667971.7366117
460350824 428898160.86630875
739084151 10805242.29811042
917506365 702425660.0295432
17327822 5592119.589763805
965060502 31902973.026634715
464519868 437226882.7374395
523012179 426206822.5178334
43637228 18374365.66555702
136949311 30215060.564688437
853303787 519351524.6053279
800930716 278277879.19330394
73889681 26494397.355325207
627033580 486327653.956372
849423494 363571776.69364595
108160611 73756206.70258139
264358338 158973579.6860081
501632115 80793637.53865306
768985243 300986867.86586565
197660516 60606782.574431516
241726499 59925302.92697617
940753373 264588445.16666406
414745336 89120084.77107655
586736350 352079148.29393774
683643599 621899608.9477862
56376946 22679908.219801378
199284646 137874813.94651946
912949143 212700426.5164135
875324703 37687915.827101715
374062097 256138921.81469458
75571496 48523770.52198861
561116384 540989175.1841596
998996499 87449818.30852945
699155662 298373284.3356888
885021445 448487073.8331709
512059599 406993921.20408255
430795536 376254712.2935561
273502948 91663243.10697074
836284532 398154400.1778855
999771579 56785336.597672306
927885545 692242240.8321456
899831386 282684028.8974064
243787678 94061104.24166173
229348562 146309666.41636738
619450989 442549624.33218074
32967608 17425556.22634193
750512536 82215063.21058413
672882604 69622994.84027874
507977021 498595844.5837249
125085171 54209898.93570716
954950205 614168038.2883575
601191675 164424678.1885439
993807110 69387037.28149283
828747539 350989343.630057
679724694 358008666.3928478
233934080 210932316.83387434
418515311 219461060.787861
417919551 11077924.733276414
652997383 650023087.9928489
631193466 190183314.83248115
224715006 181018665.75873518
913995791 844004515.9573357
274842396 148761933.3976373
830012012 517683321.5067778
261172414 107202027.45882648
437884790 40796596.54081396
363192886 2540806.3509308468
699576189 670593333.5754154
349789722 246007752.4348155
660144907 100786391.75876042
310768817 217175127.2969044
976047172 292347018.0779348
358956435 1516236.2934202615
377476879 144871886.88616762
855987172 515406634.07620084
357876691 355952151.5322189
810904398 196050230.61261028
388415958 369458270.2547122
928072200 488653806.1479831
896258362 128995735.80822513
4919533 1124808.391007366
713438772 579629908.2347949
591338362 82582764.2763939
404595603 3061236.1292458917
211393921 173704912.90395546
911985239 834238414.8077282
252448739 233049683.72859746
779638102 714839250.1004887
51537718 3359967.537201473
182644137 119305969.15391557
342326144 127500112.04593444
956987937 678738689.4646918
639704574 560850739.8383778
383934007 103208921.59945111
58540123 20829651.832854055
364582721 162381516.01015574
896202414 708262457.0273215
41956962 40534705.56094304
921844876 796502170.4412216
609968656 226871422.9703229
308539342 222147385.9944634
638669895 87840207.61537215
239425418 182749866.14132735
563231579 260404904.05267736
801753246 744387968.8940917
873215377 547036681.7720999
849706822 235450038.5369927
465061609 282681833.77974904
134293126 64683710.471087106
944075334 7776381.382521606
761192584 272921359.0133851
972907312 98411991.62881641
23184440 21237152.82729528
700881206 36214221.85015669
708185536 210657589.8744156
989340447 836568420.9495053
440809846 151328204.99024948
655791931 38084826.24615056
936626524 462577141.6998995
458460440 333468747.6943533
152476939 126286922.02993958
917586331 721540746.1835711
178968449 60282279.096772306
663274617 280582090.19914556
95105682 26665576.432807334
821597028 758963512.3085119
224388480 137183874.85596523
989930700 297467492.73704
872747404 599197942.2164332
723276345 185981991.42534998
371819708 259607869.47333267
215845128 58138257.76238084
444488982 344506042.29024565
120120835 30544867.40522871
124553061 39076255.206138566
311447400 29374916.246198613
522323662 516457735.77780044
335842236 109557251.02632388
31648238 3904897.357719968
498908428 35657790.44100382
140373177 21574623.479300793
569673122 101676397.86352953
388518858 308209737.0262965
813988655 652284126.2633135
935571095 117466068.37127656
546599888 218103142.82207176
459892404 312858770.64271706
992313604 138125315.02112365
650329600 96644628.95791201
190263280 71891076.62165855
643534040 583757035.2183379
376913447 292001116.164609
111964149 17889851.18706935
349316528 335008598.2306984
173407600 173073503.85805118
842496646 445381340.12336856
815722672 92211842.64207742
504064074 387351894.62400913
280261599 102419868.99186574
76733225 70024823.89908567
671280509 457894893.02621245
